CRPIX1  =   1.245212681010E+03 / Reference pixel on this axis                  
CRPIX2  =   1.159309719904E+03 / Reference pixel on this axis                  
END     
CRPIX1  =   6.348696286973E+02 / Reference pixel on this axis                  
CRPIX2  =   1.151922917841E+03 / Reference pixel on this axis                  
END     
CRPIX1  =  -4.173287662244E+02 / Reference pixel on this axis                  
CRPIX2  =   1.154639809303E+03 / Reference pixel on this axis                  
END     
