CRPIX1  =  -1.031934599166E+02 / Reference pixel on this axis                  
CRPIX2  =   2.124743157143E+03 / Reference pixel on this axis                  
CD1_1   =   5.383267939425E-06 / Linear projection matrix                      
CD1_2   =   6.626339117201E-08 / Linear projection matrix                      
CD2_1   =   1.619138882948E-08 / Linear projection matrix                      
CD2_2   =   5.463376133457E-06 / Linear projection matrix                      
END     
CRPIX1  =   2.098290401651E+03 / Reference pixel on this axis                  
CRPIX2  =   2.124709562240E+03 / Reference pixel on this axis                  
CD1_1   =   5.504077259512E-06 / Linear projection matrix                      
CD1_2   =   6.351897670714E-08 / Linear projection matrix                      
CD2_1   =   6.427739640088E-09 / Linear projection matrix                      
CD2_2   =   5.463978437433E-06 / Linear projection matrix                      
END     
CRPIX1  =   2.096596017755E+03 / Reference pixel on this axis                  
CRPIX2  =  -6.921201518097E+01 / Reference pixel on this axis                  
CD1_1   =   5.510314691096E-06 / Linear projection matrix                      
CD1_2   =  -8.270735046219E-08 / Linear projection matrix                      
CD2_1   =   2.680574389976E-08 / Linear projection matrix                      
CD2_2   =   5.474815756689E-06 / Linear projection matrix                      
END     
CRPIX1  =  -9.123603847576E+01 / Reference pixel on this axis                  
CRPIX2  =  -6.712335442478E+01 / Reference pixel on this axis                  
CD1_1   =   5.393383947414E-06 / Linear projection matrix                      
CD1_2   =  -5.735146247941E-08 / Linear projection matrix                      
CD2_1   =   1.066452906613E-08 / Linear projection matrix                      
CD2_2   =   5.484252212080E-06 / Linear projection matrix                      
END     
